v1	Ic(Q1)
0.000000000000000e+000	9.803760e-006
1.000000000000000e-002	7.046485e-005
2.000000000000000e-002	1.565201e-004
3.000000000000000e-002	2.769214e-004
4.000000000000000e-002	4.422367e-004
5.000000000000000e-002	6.636455e-004
6.000000000000001e-002	9.509142e-004
7.000000000000001e-002	1.309408e-003
8.000000000000000e-002	1.736844e-003
9.000000000000000e-002	2.221112e-003
9.999999999999999e-002	2.740547e-003
1.100000000000000e-001	3.267133e-003
1.200000000000000e-001	3.771802e-003
1.300000000000000e-001	4.229985e-003
1.400000000000000e-001	4.625538e-003
1.500000000000000e-001	4.951966e-003
1.600000000000000e-001	5.211106e-003
1.700000000000000e-001	5.410370e-003
1.800000000000000e-001	5.559788e-003
1.900000000000000e-001	5.669724e-003
2.000000000000000e-001	5.749519e-003
2.100000000000001e-001	5.806917e-003
2.200000000000001e-001	5.847987e-003
2.300000000000001e-001	5.877318e-003
2.400000000000001e-001	5.898289e-003
2.500000000000001e-001	5.913346e-003
2.600000000000001e-001	5.924237e-003
2.700000000000001e-001	5.932204e-003
2.800000000000001e-001	5.938122e-003
2.900000000000001e-001	5.942604e-003
3.000000000000001e-001	5.946083e-003
3.100000000000001e-001	5.948859e-003
3.200000000000001e-001	5.951145e-003
3.300000000000001e-001	5.953088e-003
3.400000000000001e-001	5.954790e-003
3.500000000000001e-001	5.956325e-003
3.600000000000002e-001	5.957742e-003
3.700000000000002e-001	5.959077e-003
3.800000000000002e-001	5.960353e-003
3.900000000000002e-001	5.961590e-003
4.000000000000002e-001	5.962797e-003
4.100000000000002e-001	5.963985e-003
4.200000000000002e-001	5.965159e-003
4.300000000000002e-001	5.966323e-003
4.400000000000002e-001	5.967481e-003
4.500000000000002e-001	5.968633e-003
4.600000000000002e-001	5.969782e-003
4.700000000000003e-001	5.970928e-003
4.800000000000003e-001	5.972073e-003
4.900000000000003e-001	5.973217e-003
5.000000000000002e-001	5.974359e-003
5.100000000000002e-001	5.975502e-003
5.200000000000002e-001	5.976643e-003
5.300000000000003e-001	5.977785e-003
5.400000000000003e-001	5.978926e-003
5.500000000000003e-001	5.980067e-003
5.600000000000003e-001	5.981208e-003
5.700000000000003e-001	5.982349e-003
5.800000000000003e-001	5.983490e-003
5.900000000000003e-001	5.984630e-003
6.000000000000003e-001	5.985771e-003
6.100000000000003e-001	5.986912e-003
6.200000000000003e-001	5.988053e-003
6.300000000000003e-001	5.989193e-003
6.400000000000004e-001	5.990334e-003
6.500000000000004e-001	5.991475e-003
6.600000000000004e-001	5.992616e-003
6.700000000000004e-001	5.993756e-003
6.800000000000004e-001	5.994897e-003
6.900000000000004e-001	5.996038e-003
7.000000000000004e-001	5.997179e-003
7.100000000000004e-001	5.998319e-003
7.200000000000004e-001	5.999460e-003
7.300000000000004e-001	6.000601e-003
7.400000000000004e-001	6.001742e-003
7.500000000000004e-001	6.002882e-003
7.600000000000005e-001	6.004023e-003
7.700000000000005e-001	6.005164e-003
7.800000000000005e-001	6.006305e-003
7.900000000000005e-001	6.007445e-003
8.000000000000005e-001	6.008586e-003
8.100000000000005e-001	6.009727e-003
8.200000000000005e-001	6.010867e-003
8.300000000000005e-001	6.012008e-003
8.400000000000005e-001	6.013149e-003
8.500000000000005e-001	6.014289e-003
8.600000000000005e-001	6.015430e-003
8.700000000000006e-001	6.016571e-003
8.800000000000006e-001	6.017711e-003
8.900000000000006e-001	6.018852e-003
9.000000000000006e-001	6.019993e-003
9.100000000000006e-001	6.021134e-003
9.200000000000006e-001	6.022274e-003
9.300000000000006e-001	6.023415e-003
9.400000000000006e-001	6.024556e-003
9.500000000000006e-001	6.025697e-003
9.600000000000006e-001	6.026838e-003
9.700000000000006e-001	6.027978e-003
9.800000000000007e-001	6.029119e-003
9.900000000000007e-001	6.030260e-003
1.000000000000001e+000	6.031400e-003
1.010000000000001e+000	6.032541e-003
1.020000000000001e+000	6.033682e-003
1.030000000000001e+000	6.034822e-003
1.040000000000001e+000	6.035963e-003
1.050000000000001e+000	6.037104e-003
1.060000000000001e+000	6.038244e-003
1.070000000000001e+000	6.039385e-003
1.080000000000001e+000	6.040526e-003
1.090000000000001e+000	6.041666e-003
1.100000000000001e+000	6.042807e-003
1.110000000000001e+000	6.043948e-003
1.120000000000001e+000	6.045089e-003
1.130000000000001e+000	6.046230e-003
1.140000000000001e+000	6.047370e-003
1.150000000000001e+000	6.048511e-003
1.160000000000001e+000	6.049652e-003
1.170000000000001e+000	6.050793e-003
1.180000000000001e+000	6.051933e-003
1.190000000000001e+000	6.053074e-003
1.200000000000001e+000	6.054215e-003
1.210000000000001e+000	6.055355e-003
1.220000000000001e+000	6.056496e-003
1.230000000000001e+000	6.057637e-003
1.240000000000001e+000	6.058777e-003
1.250000000000001e+000	6.059918e-003
1.260000000000001e+000	6.061059e-003
1.270000000000001e+000	6.062199e-003
1.280000000000001e+000	6.063340e-003
1.290000000000001e+000	6.064481e-003
1.300000000000001e+000	6.065622e-003
1.310000000000001e+000	6.066762e-003
1.320000000000001e+000	6.067903e-003
1.330000000000001e+000	6.069044e-003
1.340000000000001e+000	6.070185e-003
1.350000000000001e+000	6.071325e-003
1.360000000000001e+000	6.072466e-003
1.370000000000001e+000	6.073607e-003
1.380000000000001e+000	6.074748e-003
1.390000000000001e+000	6.075888e-003
1.400000000000001e+000	6.077029e-003
1.410000000000001e+000	6.078170e-003
1.420000000000001e+000	6.079310e-003
1.430000000000001e+000	6.080451e-003
1.440000000000001e+000	6.081592e-003
1.450000000000001e+000	6.082732e-003
1.460000000000001e+000	6.083873e-003
1.470000000000001e+000	6.085014e-003
1.480000000000001e+000	6.086154e-003
1.490000000000001e+000	6.087295e-003
1.500000000000001e+000	6.088436e-003
1.510000000000001e+000	6.089577e-003
1.520000000000001e+000	6.090717e-003
1.530000000000001e+000	6.091858e-003
1.540000000000001e+000	6.092999e-003
1.550000000000001e+000	6.094140e-003
1.560000000000001e+000	6.095280e-003
1.570000000000001e+000	6.096421e-003
1.580000000000001e+000	6.097562e-003
1.590000000000001e+000	6.098703e-003
1.600000000000001e+000	6.099843e-003
1.610000000000001e+000	6.100984e-003
1.620000000000001e+000	6.102125e-003
1.630000000000001e+000	6.103265e-003
1.640000000000001e+000	6.104406e-003
1.650000000000001e+000	6.105547e-003
1.660000000000001e+000	6.106687e-003
1.670000000000001e+000	6.107828e-003
1.680000000000001e+000	6.108969e-003
1.690000000000001e+000	6.110109e-003
1.700000000000001e+000	6.111250e-003
1.710000000000001e+000	6.112391e-003
1.720000000000001e+000	6.113532e-003
1.730000000000001e+000	6.114672e-003
1.740000000000001e+000	6.115813e-003
1.750000000000001e+000	6.116954e-003
1.760000000000001e+000	6.118095e-003
1.770000000000001e+000	6.119235e-003
1.780000000000001e+000	6.120376e-003
1.790000000000001e+000	6.121517e-003
1.800000000000001e+000	6.122658e-003
1.810000000000001e+000	6.123798e-003
1.820000000000001e+000	6.124939e-003
1.830000000000001e+000	6.126080e-003
1.840000000000001e+000	6.127220e-003
1.850000000000001e+000	6.128361e-003
1.860000000000001e+000	6.129502e-003
1.870000000000001e+000	6.130642e-003
1.880000000000001e+000	6.131783e-003
1.890000000000002e+000	6.132924e-003
1.900000000000002e+000	6.134064e-003
1.910000000000002e+000	6.135205e-003
1.920000000000002e+000	6.136346e-003
1.930000000000002e+000	6.137487e-003
1.940000000000002e+000	6.138627e-003
1.950000000000002e+000	6.139768e-003
1.960000000000002e+000	6.140909e-003
1.970000000000002e+000	6.142050e-003
1.980000000000002e+000	6.143190e-003
1.990000000000002e+000	6.144331e-003
2.000000000000001e+000	6.145472e-003
2.010000000000001e+000	6.146613e-003
2.020000000000001e+000	6.147753e-003
2.030000000000001e+000	6.148894e-003
2.040000000000001e+000	6.150035e-003
2.050000000000000e+000	6.151175e-003
2.060000000000000e+000	6.152316e-003
2.070000000000000e+000	6.153457e-003
2.080000000000000e+000	6.154597e-003
2.089999999999999e+000	6.155738e-003
2.099999999999999e+000	6.156879e-003
2.109999999999999e+000	6.158019e-003
2.119999999999999e+000	6.159160e-003
2.129999999999999e+000	6.160301e-003
2.139999999999998e+000	6.161442e-003
2.149999999999998e+000	6.162582e-003
2.159999999999998e+000	6.163723e-003
2.169999999999998e+000	6.164864e-003
2.179999999999998e+000	6.166005e-003
2.189999999999997e+000	6.167145e-003
2.199999999999997e+000	6.168286e-003
2.209999999999997e+000	6.169427e-003
2.219999999999997e+000	6.170568e-003
2.229999999999996e+000	6.171708e-003
2.239999999999996e+000	6.172849e-003
2.249999999999996e+000	6.173990e-003
2.259999999999996e+000	6.175130e-003
2.269999999999996e+000	6.176271e-003
2.279999999999995e+000	6.177412e-003
2.289999999999995e+000	6.178552e-003
2.299999999999995e+000	6.179693e-003
2.309999999999995e+000	6.180834e-003
2.319999999999995e+000	6.181974e-003
2.329999999999994e+000	6.183115e-003
2.339999999999994e+000	6.184256e-003
2.349999999999994e+000	6.185397e-003
2.359999999999994e+000	6.186537e-003
2.369999999999993e+000	6.187678e-003
2.379999999999993e+000	6.188819e-003
2.389999999999993e+000	6.189960e-003
2.399999999999993e+000	6.191100e-003
2.409999999999993e+000	6.192241e-003
2.419999999999992e+000	6.193382e-003
2.429999999999992e+000	6.194523e-003
2.439999999999992e+000	6.195663e-003
2.449999999999992e+000	6.196804e-003
2.459999999999992e+000	6.197945e-003
2.469999999999991e+000	6.199086e-003
2.479999999999991e+000	6.200226e-003
2.489999999999991e+000	6.201367e-003
2.499999999999991e+000	6.202508e-003
2.509999999999991e+000	6.203648e-003
2.519999999999990e+000	6.204789e-003
2.529999999999990e+000	6.205930e-003
2.539999999999990e+000	6.207070e-003
2.549999999999990e+000	6.208211e-003
2.559999999999989e+000	6.209352e-003
2.569999999999989e+000	6.210492e-003
2.579999999999989e+000	6.211633e-003
2.589999999999989e+000	6.212774e-003
2.599999999999989e+000	6.213915e-003
2.609999999999988e+000	6.215055e-003
2.619999999999988e+000	6.216196e-003
2.629999999999988e+000	6.217337e-003
2.639999999999988e+000	6.218478e-003
2.649999999999988e+000	6.219618e-003
2.659999999999987e+000	6.220759e-003
2.669999999999987e+000	6.221900e-003
2.679999999999987e+000	6.223041e-003
2.689999999999987e+000	6.224181e-003
2.699999999999986e+000	6.225322e-003
2.709999999999986e+000	6.226463e-003
2.719999999999986e+000	6.227603e-003
2.729999999999986e+000	6.228744e-003
2.739999999999986e+000	6.229885e-003
2.749999999999985e+000	6.231025e-003
2.759999999999985e+000	6.232166e-003
2.769999999999985e+000	6.233307e-003
2.779999999999985e+000	6.234447e-003
2.789999999999985e+000	6.235588e-003
2.799999999999984e+000	6.236729e-003
2.809999999999984e+000	6.237870e-003
2.819999999999984e+000	6.239010e-003
2.829999999999984e+000	6.240151e-003
2.839999999999983e+000	6.241292e-003
2.849999999999983e+000	6.242433e-003
2.859999999999983e+000	6.243574e-003
2.869999999999983e+000	6.244714e-003
2.879999999999983e+000	6.245855e-003
2.889999999999982e+000	6.246996e-003
2.899999999999982e+000	6.248136e-003
2.909999999999982e+000	6.249277e-003
2.919999999999982e+000	6.250418e-003
2.929999999999982e+000	6.251558e-003
2.939999999999981e+000	6.252699e-003
2.949999999999981e+000	6.253840e-003
2.959999999999981e+000	6.254980e-003
2.969999999999981e+000	6.256121e-003
2.979999999999980e+000	6.257262e-003
2.989999999999980e+000	6.258402e-003
2.999999999999980e+000	6.259543e-003
3.009999999999980e+000	6.260684e-003
3.019999999999980e+000	6.261825e-003
3.029999999999979e+000	6.262966e-003
3.039999999999979e+000	6.264106e-003
3.049999999999979e+000	6.265247e-003
3.059999999999979e+000	6.266388e-003
3.069999999999979e+000	6.267529e-003
3.079999999999978e+000	6.268669e-003
3.089999999999978e+000	6.269810e-003
3.099999999999978e+000	6.270951e-003
3.109999999999978e+000	6.272091e-003
3.119999999999978e+000	6.273232e-003
3.129999999999977e+000	6.274373e-003
3.139999999999977e+000	6.275513e-003
3.149999999999977e+000	6.276654e-003
3.159999999999977e+000	6.277795e-003
3.169999999999976e+000	6.278935e-003
3.179999999999976e+000	6.280076e-003
3.189999999999976e+000	6.281217e-003
3.199999999999976e+000	6.282357e-003
3.209999999999976e+000	6.283498e-003
3.219999999999975e+000	6.284639e-003
3.229999999999975e+000	6.285780e-003
3.239999999999975e+000	6.286921e-003
3.249999999999975e+000	6.288061e-003
3.259999999999975e+000	6.289202e-003
3.269999999999974e+000	6.290343e-003
3.279999999999974e+000	6.291484e-003
3.289999999999974e+000	6.292624e-003
3.299999999999974e+000	6.293765e-003
3.309999999999973e+000	6.294906e-003
3.319999999999973e+000	6.296046e-003
3.329999999999973e+000	6.297187e-003
3.339999999999973e+000	6.298328e-003
3.349999999999973e+000	6.299468e-003
3.359999999999972e+000	6.300609e-003
3.369999999999972e+000	6.301750e-003
3.379999999999972e+000	6.302890e-003
3.389999999999972e+000	6.304031e-003
3.399999999999972e+000	6.305172e-003
3.409999999999971e+000	6.306313e-003
3.419999999999971e+000	6.307453e-003
3.429999999999971e+000	6.308594e-003
3.439999999999971e+000	6.309735e-003
3.449999999999970e+000	6.310876e-003
3.459999999999970e+000	6.312016e-003
3.469999999999970e+000	6.313157e-003
3.479999999999970e+000	6.314298e-003
3.489999999999970e+000	6.315439e-003
3.499999999999969e+000	6.316579e-003
3.509999999999969e+000	6.317720e-003
3.519999999999969e+000	6.318861e-003
3.529999999999969e+000	6.320001e-003
3.539999999999969e+000	6.321142e-003
3.549999999999968e+000	6.322283e-003
3.559999999999968e+000	6.323423e-003
3.569999999999968e+000	6.324564e-003
3.579999999999968e+000	6.325705e-003
3.589999999999967e+000	6.326845e-003
3.599999999999967e+000	6.327986e-003
3.609999999999967e+000	6.329127e-003
3.619999999999967e+000	6.330268e-003
3.629999999999967e+000	6.331408e-003
3.639999999999966e+000	6.332549e-003
3.649999999999966e+000	6.333690e-003
3.659999999999966e+000	6.334831e-003
3.669999999999966e+000	6.335971e-003
3.679999999999966e+000	6.337112e-003
3.689999999999965e+000	6.338253e-003
3.699999999999965e+000	6.339394e-003
3.709999999999965e+000	6.340534e-003
3.719999999999965e+000	6.341675e-003
3.729999999999965e+000	6.342816e-003
3.739999999999964e+000	6.343956e-003
3.749999999999964e+000	6.345097e-003
3.759999999999964e+000	6.346238e-003
3.769999999999964e+000	6.347378e-003
3.779999999999963e+000	6.348519e-003
3.789999999999963e+000	6.349660e-003
3.799999999999963e+000	6.350800e-003
3.809999999999963e+000	6.351941e-003
3.819999999999963e+000	6.353082e-003
3.829999999999962e+000	6.354223e-003
3.839999999999962e+000	6.355363e-003
3.849999999999962e+000	6.356504e-003
3.859999999999962e+000	6.357645e-003
3.869999999999962e+000	6.358786e-003
3.879999999999961e+000	6.359926e-003
3.889999999999961e+000	6.361067e-003
3.899999999999961e+000	6.362208e-003
3.909999999999961e+000	6.363349e-003
3.919999999999960e+000	6.364489e-003
3.929999999999960e+000	6.365630e-003
3.939999999999960e+000	6.366771e-003
3.949999999999960e+000	6.367912e-003
3.959999999999960e+000	6.369052e-003
3.969999999999959e+000	6.370193e-003
3.979999999999959e+000	6.371334e-003
3.989999999999959e+000	6.372474e-003
3.999999999999959e+000	6.373615e-003
4.009999999999959e+000	6.374756e-003
4.019999999999959e+000	6.375896e-003
4.029999999999959e+000	6.377037e-003
4.039999999999958e+000	6.378178e-003
4.049999999999958e+000	6.379318e-003
4.059999999999958e+000	6.380459e-003
4.069999999999958e+000	6.381600e-003
4.079999999999957e+000	6.382741e-003
4.089999999999957e+000	6.383881e-003
4.099999999999957e+000	6.385022e-003
4.109999999999957e+000	6.386163e-003
4.119999999999957e+000	6.387304e-003
4.129999999999956e+000	6.388444e-003
4.139999999999956e+000	6.389585e-003
4.149999999999956e+000	6.390726e-003
4.159999999999956e+000	6.391867e-003
4.169999999999956e+000	6.393007e-003
4.179999999999955e+000	6.394148e-003
4.189999999999955e+000	6.395289e-003
4.199999999999955e+000	6.396429e-003
4.209999999999955e+000	6.397570e-003
4.219999999999955e+000	6.398711e-003
4.229999999999954e+000	6.399851e-003
4.239999999999954e+000	6.400992e-003
4.249999999999954e+000	6.402133e-003
4.259999999999954e+000	6.403273e-003
4.269999999999953e+000	6.404414e-003
4.279999999999953e+000	6.405555e-003
4.289999999999953e+000	6.406696e-003
4.299999999999953e+000	6.407836e-003
4.309999999999953e+000	6.408977e-003
4.319999999999952e+000	6.410118e-003
4.329999999999952e+000	6.411259e-003
4.339999999999952e+000	6.412399e-003
4.349999999999952e+000	6.413540e-003
4.359999999999952e+000	6.414681e-003
4.369999999999951e+000	6.415822e-003
4.379999999999951e+000	6.416962e-003
4.389999999999951e+000	6.418103e-003
4.399999999999951e+000	6.419244e-003
4.409999999999950e+000	6.420384e-003
4.419999999999950e+000	6.421525e-003
4.429999999999950e+000	6.422666e-003
4.439999999999950e+000	6.423806e-003
4.449999999999950e+000	6.424947e-003
4.459999999999949e+000	6.426088e-003
4.469999999999949e+000	6.427228e-003
4.479999999999949e+000	6.428369e-003
4.489999999999949e+000	6.429510e-003
4.499999999999949e+000	6.430651e-003
4.509999999999948e+000	6.431791e-003
4.519999999999948e+000	6.432932e-003
4.529999999999948e+000	6.434073e-003
4.539999999999948e+000	6.435214e-003
4.549999999999947e+000	6.436354e-003
4.559999999999947e+000	6.437495e-003
4.569999999999947e+000	6.438636e-003
4.579999999999947e+000	6.439777e-003
4.589999999999947e+000	6.440917e-003
4.599999999999946e+000	6.442058e-003
4.609999999999946e+000	6.443199e-003
4.619999999999946e+000	6.444339e-003
4.629999999999946e+000	6.445480e-003
4.639999999999946e+000	6.446621e-003
4.649999999999945e+000	6.447761e-003
4.659999999999945e+000	6.448902e-003
4.669999999999945e+000	6.450043e-003
4.679999999999945e+000	6.451183e-003
4.689999999999944e+000	6.452324e-003
4.699999999999944e+000	6.453465e-003
4.709999999999944e+000	6.454606e-003
4.719999999999944e+000	6.455746e-003
4.729999999999944e+000	6.456887e-003
4.739999999999943e+000	6.458028e-003
4.749999999999943e+000	6.459169e-003
4.759999999999943e+000	6.460309e-003
4.769999999999943e+000	6.461450e-003
4.779999999999943e+000	6.462591e-003
4.789999999999942e+000	6.463732e-003
4.799999999999942e+000	6.464872e-003
4.809999999999942e+000	6.466013e-003
4.819999999999942e+000	6.467154e-003
4.829999999999942e+000	6.468294e-003
4.839999999999941e+000	6.469435e-003
4.849999999999941e+000	6.470576e-003
4.859999999999941e+000	6.471716e-003
4.869999999999941e+000	6.472857e-003
4.879999999999940e+000	6.473998e-003
4.889999999999940e+000	6.475138e-003
4.899999999999940e+000	6.476279e-003
4.909999999999940e+000	6.477420e-003
4.919999999999940e+000	6.478561e-003
4.929999999999939e+000	6.479701e-003
4.939999999999939e+000	6.480842e-003
4.949999999999939e+000	6.481983e-003
4.959999999999939e+000	6.483124e-003
4.969999999999939e+000	6.484265e-003
4.979999999999938e+000	6.485405e-003
4.989999999999938e+000	6.486546e-003
5.000000000000000e+000	6.487687e-003
