v2	Ic(Q1)
0.000000000000000e+000	1.276202e-003
1.000000000000000e-002	1.617799e-003
2.000000000000000e-002	1.988739e-003
3.000000000000000e-002	2.373294e-003
4.000000000000000e-002	2.754442e-003
5.000000000000000e-002	3.116344e-003
6.000000000000001e-002	3.446343e-003
7.000000000000001e-002	3.736150e-003
8.000000000000000e-002	3.982097e-003
9.000000000000000e-002	4.184572e-003
9.999999999999999e-002	4.346946e-003
1.100000000000000e-001	4.474336e-003
1.200000000000000e-001	4.572518e-003
1.300000000000000e-001	4.647140e-003
1.400000000000000e-001	4.703259e-003
1.500000000000000e-001	4.745139e-003
1.600000000000000e-001	4.776231e-003
1.700000000000000e-001	4.799241e-003
1.800000000000000e-001	4.816250e-003
1.900000000000000e-001	4.828832e-003
2.000000000000000e-001	4.838160e-003
2.100000000000001e-001	4.845107e-003
2.200000000000001e-001	4.850314e-003
2.300000000000001e-001	4.854253e-003
2.400000000000001e-001	4.857269e-003
2.500000000000001e-001	4.859611e-003
2.600000000000001e-001	4.861466e-003
2.700000000000001e-001	4.862964e-003
2.800000000000001e-001	4.864204e-003
2.900000000000001e-001	4.865256e-003
3.000000000000001e-001	4.866172e-003
3.100000000000001e-001	4.866987e-003
3.200000000000001e-001	4.867731e-003
3.300000000000001e-001	4.868422e-003
3.400000000000001e-001	4.869074e-003
3.500000000000001e-001	4.869698e-003
3.600000000000002e-001	4.870302e-003
3.700000000000002e-001	4.870891e-003
3.800000000000002e-001	4.871469e-003
3.900000000000002e-001	4.872040e-003
4.000000000000002e-001	4.872604e-003
4.100000000000002e-001	4.873164e-003
4.200000000000002e-001	4.873721e-003
4.300000000000002e-001	4.874276e-003
4.400000000000002e-001	4.874829e-003
4.500000000000002e-001	4.875381e-003
4.600000000000002e-001	4.875931e-003
4.700000000000003e-001	4.876481e-003
4.800000000000003e-001	4.877031e-003
4.900000000000003e-001	4.877580e-003
5.000000000000002e-001	4.878129e-003
5.100000000000002e-001	4.878678e-003
5.200000000000002e-001	4.879226e-003
5.300000000000003e-001	4.879775e-003
5.400000000000003e-001	4.880323e-003
5.500000000000003e-001	4.880871e-003
5.600000000000003e-001	4.881420e-003
5.700000000000003e-001	4.881968e-003
5.800000000000003e-001	4.882516e-003
5.900000000000003e-001	4.883064e-003
6.000000000000003e-001	4.883612e-003
6.100000000000003e-001	4.884160e-003
6.200000000000003e-001	4.884708e-003
6.300000000000003e-001	4.885256e-003
6.400000000000004e-001	4.885804e-003
6.500000000000004e-001	4.886352e-003
6.600000000000004e-001	4.886900e-003
6.700000000000004e-001	4.887448e-003
6.800000000000004e-001	4.887996e-003
6.900000000000004e-001	4.888544e-003
7.000000000000004e-001	4.889092e-003
7.100000000000004e-001	4.889640e-003
7.200000000000004e-001	4.890188e-003
7.300000000000004e-001	4.890736e-003
7.400000000000004e-001	4.891284e-003
7.500000000000004e-001	4.891832e-003
7.600000000000005e-001	4.892380e-003
7.700000000000005e-001	4.892929e-003
7.800000000000005e-001	4.893476e-003
7.900000000000005e-001	4.894024e-003
8.000000000000005e-001	4.894572e-003
8.100000000000005e-001	4.895120e-003
8.200000000000005e-001	4.895668e-003
8.300000000000005e-001	4.896217e-003
8.400000000000005e-001	4.896765e-003
8.500000000000005e-001	4.897312e-003
8.600000000000005e-001	4.897860e-003
8.700000000000006e-001	4.898408e-003
8.800000000000006e-001	4.898957e-003
8.900000000000006e-001	4.899505e-003
9.000000000000006e-001	4.900053e-003
9.100000000000006e-001	4.900600e-003
9.200000000000006e-001	4.901148e-003
9.300000000000006e-001	4.901696e-003
9.400000000000006e-001	4.902245e-003
9.500000000000006e-001	4.902793e-003
9.600000000000006e-001	4.903341e-003
9.700000000000006e-001	4.903888e-003
9.800000000000007e-001	4.904436e-003
9.900000000000007e-001	4.904984e-003
1.000000000000001e+000	4.905533e-003
1.010000000000001e+000	4.906081e-003
1.020000000000001e+000	4.906629e-003
1.030000000000001e+000	4.907176e-003
1.040000000000001e+000	4.907724e-003
1.050000000000001e+000	4.908273e-003
1.060000000000001e+000	4.908821e-003
1.070000000000001e+000	4.909369e-003
1.080000000000001e+000	4.909917e-003
1.090000000000001e+000	4.910464e-003
1.100000000000001e+000	4.911012e-003
1.110000000000001e+000	4.911561e-003
1.120000000000001e+000	4.912109e-003
1.130000000000001e+000	4.912657e-003
1.140000000000001e+000	4.913205e-003
1.150000000000001e+000	4.913753e-003
1.160000000000001e+000	4.914301e-003
1.170000000000001e+000	4.914849e-003
1.180000000000001e+000	4.915397e-003
1.190000000000001e+000	4.915945e-003
1.200000000000001e+000	4.916493e-003
1.210000000000001e+000	4.917041e-003
1.220000000000001e+000	4.917589e-003
1.230000000000001e+000	4.918137e-003
1.240000000000001e+000	4.918685e-003
1.250000000000001e+000	4.919233e-003
1.260000000000001e+000	4.919781e-003
1.270000000000001e+000	4.920329e-003
1.280000000000001e+000	4.920877e-003
1.290000000000001e+000	4.921425e-003
1.300000000000001e+000	4.921973e-003
1.310000000000001e+000	4.922521e-003
1.320000000000001e+000	4.923069e-003
1.330000000000001e+000	4.923617e-003
1.340000000000001e+000	4.924165e-003
1.350000000000001e+000	4.924713e-003
1.360000000000001e+000	4.925261e-003
1.370000000000001e+000	4.925809e-003
1.380000000000001e+000	4.926357e-003
1.390000000000001e+000	4.926905e-003
1.400000000000001e+000	4.927453e-003
1.410000000000001e+000	4.928001e-003
1.420000000000001e+000	4.928549e-003
1.430000000000001e+000	4.929097e-003
1.440000000000001e+000	4.929645e-003
1.450000000000001e+000	4.930193e-003
1.460000000000001e+000	4.930741e-003
1.470000000000001e+000	4.931289e-003
1.480000000000001e+000	4.931837e-003
1.490000000000001e+000	4.932385e-003
1.500000000000001e+000	4.932933e-003
1.510000000000001e+000	4.933481e-003
1.520000000000001e+000	4.934029e-003
1.530000000000001e+000	4.934577e-003
1.540000000000001e+000	4.935125e-003
1.550000000000001e+000	4.935673e-003
1.560000000000001e+000	4.936221e-003
1.570000000000001e+000	4.936769e-003
1.580000000000001e+000	4.937317e-003
1.590000000000001e+000	4.937865e-003
1.600000000000001e+000	4.938413e-003
1.610000000000001e+000	4.938961e-003
1.620000000000001e+000	4.939509e-003
1.630000000000001e+000	4.940057e-003
1.640000000000001e+000	4.940605e-003
1.650000000000001e+000	4.941153e-003
1.660000000000001e+000	4.941701e-003
1.670000000000001e+000	4.942249e-003
1.680000000000001e+000	4.942797e-003
1.690000000000001e+000	4.943345e-003
1.700000000000001e+000	4.943893e-003
1.710000000000001e+000	4.944441e-003
1.720000000000001e+000	4.944989e-003
1.730000000000001e+000	4.945537e-003
1.740000000000001e+000	4.946085e-003
1.750000000000001e+000	4.946633e-003
1.760000000000001e+000	4.947181e-003
1.770000000000001e+000	4.947729e-003
1.780000000000001e+000	4.948277e-003
1.790000000000001e+000	4.948825e-003
1.800000000000001e+000	4.949373e-003
1.810000000000001e+000	4.949921e-003
1.820000000000001e+000	4.950469e-003
1.830000000000001e+000	4.951017e-003
1.840000000000001e+000	4.951565e-003
1.850000000000001e+000	4.952113e-003
1.860000000000001e+000	4.952661e-003
1.870000000000001e+000	4.953209e-003
1.880000000000001e+000	4.953757e-003
1.890000000000002e+000	4.954305e-003
1.900000000000002e+000	4.954853e-003
1.910000000000002e+000	4.955401e-003
1.920000000000002e+000	4.955949e-003
1.930000000000002e+000	4.956497e-003
1.940000000000002e+000	4.957045e-003
1.950000000000002e+000	4.957594e-003
1.960000000000002e+000	4.958141e-003
1.970000000000002e+000	4.958689e-003
1.980000000000002e+000	4.959237e-003
1.990000000000002e+000	4.959785e-003
2.000000000000001e+000	4.960333e-003
2.010000000000001e+000	4.960882e-003
2.020000000000001e+000	4.961429e-003
2.030000000000001e+000	4.961977e-003
2.040000000000001e+000	4.962525e-003
2.050000000000000e+000	4.963073e-003
2.060000000000000e+000	4.963621e-003
2.070000000000000e+000	4.964170e-003
2.080000000000000e+000	4.964717e-003
2.089999999999999e+000	4.965265e-003
2.099999999999999e+000	4.965813e-003
2.109999999999999e+000	4.966361e-003
2.119999999999999e+000	4.966910e-003
2.129999999999999e+000	4.967458e-003
2.139999999999998e+000	4.968006e-003
2.149999999999998e+000	4.968553e-003
2.159999999999998e+000	4.969101e-003
2.169999999999998e+000	4.969649e-003
2.179999999999998e+000	4.970198e-003
2.189999999999997e+000	4.970746e-003
2.199999999999997e+000	4.971294e-003
2.209999999999997e+000	4.971841e-003
2.219999999999997e+000	4.972389e-003
2.229999999999996e+000	4.972938e-003
2.239999999999996e+000	4.973486e-003
2.249999999999996e+000	4.974034e-003
2.259999999999996e+000	4.974582e-003
2.269999999999996e+000	4.975129e-003
2.279999999999995e+000	4.975677e-003
2.289999999999995e+000	4.976226e-003
2.299999999999995e+000	4.976774e-003
2.309999999999995e+000	4.977322e-003
2.319999999999995e+000	4.977870e-003
2.329999999999994e+000	4.978417e-003
2.339999999999994e+000	4.978966e-003
2.349999999999994e+000	4.979514e-003
2.359999999999994e+000	4.980062e-003
2.369999999999993e+000	4.980610e-003
2.379999999999993e+000	4.981158e-003
2.389999999999993e+000	4.981705e-003
2.399999999999993e+000	4.982254e-003
2.409999999999993e+000	4.982802e-003
2.419999999999992e+000	4.983350e-003
2.429999999999992e+000	4.983898e-003
2.439999999999992e+000	4.984446e-003
2.449999999999992e+000	4.984994e-003
2.459999999999992e+000	4.985542e-003
2.469999999999991e+000	4.986090e-003
2.479999999999991e+000	4.986638e-003
2.489999999999991e+000	4.987186e-003
2.499999999999991e+000	4.987734e-003
2.509999999999991e+000	4.988282e-003
2.519999999999990e+000	4.988830e-003
2.529999999999990e+000	4.989378e-003
2.539999999999990e+000	4.989926e-003
2.549999999999990e+000	4.990474e-003
2.559999999999989e+000	4.991022e-003
2.569999999999989e+000	4.991570e-003
2.579999999999989e+000	4.992118e-003
2.589999999999989e+000	4.992666e-003
2.599999999999989e+000	4.993214e-003
2.609999999999988e+000	4.993762e-003
2.619999999999988e+000	4.994310e-003
2.629999999999988e+000	4.994858e-003
2.639999999999988e+000	4.995406e-003
2.649999999999988e+000	4.995954e-003
2.659999999999987e+000	4.996502e-003
2.669999999999987e+000	4.997050e-003
2.679999999999987e+000	4.997598e-003
2.689999999999987e+000	4.998146e-003
2.699999999999986e+000	4.998694e-003
2.709999999999986e+000	4.999242e-003
2.719999999999986e+000	4.999790e-003
2.729999999999986e+000	5.000338e-003
2.739999999999986e+000	5.000886e-003
2.749999999999985e+000	5.001434e-003
2.759999999999985e+000	5.001982e-003
2.769999999999985e+000	5.002530e-003
2.779999999999985e+000	5.003078e-003
2.789999999999985e+000	5.003626e-003
2.799999999999984e+000	5.004174e-003
2.809999999999984e+000	5.004722e-003
2.819999999999984e+000	5.005270e-003
2.829999999999984e+000	5.005818e-003
2.839999999999983e+000	5.006366e-003
2.849999999999983e+000	5.006914e-003
2.859999999999983e+000	5.007462e-003
2.869999999999983e+000	5.008010e-003
2.879999999999983e+000	5.008558e-003
2.889999999999982e+000	5.009106e-003
2.899999999999982e+000	5.009654e-003
2.909999999999982e+000	5.010202e-003
2.919999999999982e+000	5.010750e-003
2.929999999999982e+000	5.011298e-003
2.939999999999981e+000	5.011846e-003
2.949999999999981e+000	5.012394e-003
2.959999999999981e+000	5.012942e-003
2.969999999999981e+000	5.013490e-003
2.979999999999980e+000	5.014038e-003
2.989999999999980e+000	5.014586e-003
2.999999999999980e+000	5.015134e-003
3.009999999999980e+000	5.015682e-003
3.019999999999980e+000	5.016230e-003
3.029999999999979e+000	5.016778e-003
3.039999999999979e+000	5.017326e-003
3.049999999999979e+000	5.017874e-003
3.059999999999979e+000	5.018422e-003
3.069999999999979e+000	5.018970e-003
3.079999999999978e+000	5.019518e-003
3.089999999999978e+000	5.020066e-003
3.099999999999978e+000	5.020614e-003
3.109999999999978e+000	5.021162e-003
3.119999999999978e+000	5.021710e-003
3.129999999999977e+000	5.022258e-003
3.139999999999977e+000	5.022806e-003
3.149999999999977e+000	5.023354e-003
3.159999999999977e+000	5.023902e-003
3.169999999999976e+000	5.024450e-003
3.179999999999976e+000	5.024998e-003
3.189999999999976e+000	5.025547e-003
3.199999999999976e+000	5.026094e-003
3.209999999999976e+000	5.026642e-003
3.219999999999975e+000	5.027190e-003
3.229999999999975e+000	5.027738e-003
3.239999999999975e+000	5.028286e-003
3.249999999999975e+000	5.028835e-003
3.259999999999975e+000	5.029382e-003
3.269999999999974e+000	5.029930e-003
3.279999999999974e+000	5.030478e-003
3.289999999999974e+000	5.031026e-003
3.299999999999974e+000	5.031575e-003
3.309999999999973e+000	5.032123e-003
3.319999999999973e+000	5.032670e-003
3.329999999999973e+000	5.033218e-003
3.339999999999973e+000	5.033766e-003
3.349999999999973e+000	5.034314e-003
3.359999999999972e+000	5.034863e-003
3.369999999999972e+000	5.035411e-003
3.379999999999972e+000	5.035959e-003
3.389999999999972e+000	5.036506e-003
3.399999999999972e+000	5.037054e-003
3.409999999999971e+000	5.037603e-003
3.419999999999971e+000	5.038151e-003
3.429999999999971e+000	5.038699e-003
3.439999999999971e+000	5.039247e-003
3.449999999999970e+000	5.039794e-003
3.459999999999970e+000	5.040342e-003
3.469999999999970e+000	5.040891e-003
3.479999999999970e+000	5.041439e-003
3.489999999999970e+000	5.041987e-003
3.499999999999969e+000	5.042535e-003
3.509999999999969e+000	5.043082e-003
3.519999999999969e+000	5.043630e-003
3.529999999999969e+000	5.044179e-003
3.539999999999969e+000	5.044727e-003
3.549999999999968e+000	5.045275e-003
3.559999999999968e+000	5.045823e-003
3.569999999999968e+000	5.046370e-003
3.579999999999968e+000	5.046919e-003
3.589999999999967e+000	5.047467e-003
3.599999999999967e+000	5.048015e-003
3.609999999999967e+000	5.048563e-003
3.619999999999967e+000	5.049111e-003
3.629999999999967e+000	5.049658e-003
3.639999999999966e+000	5.050207e-003
3.649999999999966e+000	5.050755e-003
3.659999999999966e+000	5.051303e-003
3.669999999999966e+000	5.051851e-003
3.679999999999966e+000	5.052399e-003
3.689999999999965e+000	5.052947e-003
3.699999999999965e+000	5.053495e-003
3.709999999999965e+000	5.054043e-003
3.719999999999965e+000	5.054591e-003
3.729999999999965e+000	5.055139e-003
3.739999999999964e+000	5.055687e-003
3.749999999999964e+000	5.056235e-003
3.759999999999964e+000	5.056783e-003
3.769999999999964e+000	5.057331e-003
3.779999999999963e+000	5.057879e-003
3.789999999999963e+000	5.058427e-003
3.799999999999963e+000	5.058975e-003
3.809999999999963e+000	5.059523e-003
3.819999999999963e+000	5.060071e-003
3.829999999999962e+000	5.060619e-003
3.839999999999962e+000	5.061167e-003
3.849999999999962e+000	5.061715e-003
3.859999999999962e+000	5.062263e-003
3.869999999999962e+000	5.062811e-003
3.879999999999961e+000	5.063359e-003
3.889999999999961e+000	5.063907e-003
3.899999999999961e+000	5.064455e-003
3.909999999999961e+000	5.065003e-003
3.919999999999960e+000	5.065551e-003
3.929999999999960e+000	5.066099e-003
3.939999999999960e+000	5.066647e-003
3.949999999999960e+000	5.067195e-003
3.959999999999960e+000	5.067743e-003
3.969999999999959e+000	5.068291e-003
3.979999999999959e+000	5.068839e-003
3.989999999999959e+000	5.069387e-003
3.999999999999959e+000	5.069935e-003
4.009999999999959e+000	5.070483e-003
4.019999999999959e+000	5.071031e-003
4.029999999999959e+000	5.071579e-003
4.039999999999958e+000	5.072127e-003
4.049999999999958e+000	5.072675e-003
4.059999999999958e+000	5.073223e-003
4.069999999999958e+000	5.073771e-003
4.079999999999957e+000	5.074319e-003
4.089999999999957e+000	5.074867e-003
4.099999999999957e+000	5.075415e-003
4.109999999999957e+000	5.075963e-003
4.119999999999957e+000	5.076511e-003
4.129999999999956e+000	5.077059e-003
4.139999999999956e+000	5.077607e-003
4.149999999999956e+000	5.078155e-003
4.159999999999956e+000	5.078703e-003
4.169999999999956e+000	5.079251e-003
4.179999999999955e+000	5.079799e-003
4.189999999999955e+000	5.080347e-003
4.199999999999955e+000	5.080895e-003
4.209999999999955e+000	5.081443e-003
4.219999999999955e+000	5.081991e-003
4.229999999999954e+000	5.082539e-003
4.239999999999954e+000	5.083087e-003
4.249999999999954e+000	5.083635e-003
4.259999999999954e+000	5.084183e-003
4.269999999999953e+000	5.084731e-003
4.279999999999953e+000	5.085279e-003
4.289999999999953e+000	5.085827e-003
4.299999999999953e+000	5.086375e-003
4.309999999999953e+000	5.086923e-003
4.319999999999952e+000	5.087471e-003
4.329999999999952e+000	5.088019e-003
4.339999999999952e+000	5.088567e-003
4.349999999999952e+000	5.089115e-003
4.359999999999952e+000	5.089663e-003
4.369999999999951e+000	5.090212e-003
4.379999999999951e+000	5.090759e-003
4.389999999999951e+000	5.091307e-003
4.399999999999951e+000	5.091855e-003
4.409999999999950e+000	5.092403e-003
4.419999999999950e+000	5.092951e-003
4.429999999999950e+000	5.093500e-003
4.439999999999950e+000	5.094047e-003
4.449999999999950e+000	5.094595e-003
4.459999999999949e+000	5.095143e-003
4.469999999999949e+000	5.095691e-003
4.479999999999949e+000	5.096240e-003
4.489999999999949e+000	5.096788e-003
4.499999999999949e+000	5.097335e-003
4.509999999999948e+000	5.097883e-003
4.519999999999948e+000	5.098431e-003
4.529999999999948e+000	5.098979e-003
4.539999999999948e+000	5.099528e-003
4.549999999999947e+000	5.100076e-003
4.559999999999947e+000	5.100623e-003
4.569999999999947e+000	5.101171e-003
4.579999999999947e+000	5.101719e-003
4.589999999999947e+000	5.102267e-003
4.599999999999946e+000	5.102816e-003
4.609999999999946e+000	5.103364e-003
4.619999999999946e+000	5.103912e-003
4.629999999999946e+000	5.104459e-003
4.639999999999946e+000	5.105007e-003
4.649999999999945e+000	5.105556e-003
4.659999999999945e+000	5.106104e-003
4.669999999999945e+000	5.106652e-003
4.679999999999945e+000	5.107200e-003
4.689999999999944e+000	5.107747e-003
4.699999999999944e+000	5.108295e-003
4.709999999999944e+000	5.108844e-003
4.719999999999944e+000	5.109392e-003
4.729999999999944e+000	5.109940e-003
4.739999999999943e+000	5.110488e-003
4.749999999999943e+000	5.111035e-003
4.759999999999943e+000	5.111584e-003
4.769999999999943e+000	5.112132e-003
4.779999999999943e+000	5.112680e-003
4.789999999999942e+000	5.113228e-003
4.799999999999942e+000	5.113776e-003
4.809999999999942e+000	5.114323e-003
4.819999999999942e+000	5.114872e-003
4.829999999999942e+000	5.115420e-003
4.839999999999941e+000	5.115968e-003
4.849999999999941e+000	5.116516e-003
4.859999999999941e+000	5.117064e-003
4.869999999999941e+000	5.117611e-003
4.879999999999940e+000	5.118160e-003
4.889999999999940e+000	5.118708e-003
4.899999999999940e+000	5.119256e-003
4.909999999999940e+000	5.119804e-003
4.919999999999940e+000	5.120352e-003
4.929999999999939e+000	5.120900e-003
4.939999999999939e+000	5.121448e-003
4.949999999999939e+000	5.121996e-003
4.959999999999939e+000	5.122544e-003
4.969999999999939e+000	5.123092e-003
4.979999999999938e+000	5.123640e-003
4.989999999999938e+000	5.124188e-003
5.000000000000000e+000	5.124736e-003
