v1	Ic(Q1)
0.000000000000000e+000	-6.905870e-005
1.000000000000000e-002	-3.661248e-005
2.000000000000000e-002	1.099502e-005
3.000000000000000e-002	8.074298e-005
4.000000000000000e-002	1.827026e-004
5.000000000000000e-002	3.312696e-004
6.000000000000001e-002	5.467340e-004
7.000000000000001e-002	8.570977e-004
8.000000000000000e-002	1.299801e-003
9.000000000000000e-002	1.922530e-003
9.999999999999999e-002	2.781531e-003
1.100000000000000e-001	3.935025e-003
1.200000000000000e-001	5.429317e-003
1.300000000000000e-001	7.277529e-003
1.400000000000000e-001	9.436950e-003
1.500000000000000e-001	1.179834e-002
1.600000000000000e-001	1.420081e-002
1.700000000000000e-001	1.647219e-002
1.800000000000000e-001	1.847558e-002
1.900000000000000e-001	2.013729e-002
2.000000000000000e-001	2.144690e-002
2.100000000000001e-001	2.243817e-002
2.200000000000001e-001	2.316591e-002
2.300000000000001e-001	2.368845e-002
2.400000000000001e-001	2.405783e-002
2.500000000000001e-001	2.431623e-002
2.600000000000001e-001	2.449582e-002
2.700000000000001e-001	2.462022e-002
2.800000000000001e-001	2.470636e-002
2.900000000000001e-001	2.476612e-002
3.000000000000001e-001	2.480781e-002
3.100000000000001e-001	2.483712e-002
3.200000000000001e-001	2.485799e-002
3.300000000000001e-001	2.487311e-002
3.400000000000001e-001	2.488432e-002
3.500000000000001e-001	2.489286e-002
3.600000000000002e-001	2.489959e-002
3.700000000000002e-001	2.490509e-002
3.800000000000002e-001	2.490975e-002
3.900000000000002e-001	2.491384e-002
4.000000000000002e-001	2.491754e-002
4.100000000000002e-001	2.492098e-002
4.200000000000002e-001	2.492424e-002
4.300000000000002e-001	2.492739e-002
4.400000000000002e-001	2.493045e-002
4.500000000000002e-001	2.493345e-002
4.600000000000002e-001	2.493641e-002
4.700000000000003e-001	2.493935e-002
4.800000000000003e-001	2.494228e-002
4.900000000000003e-001	2.494518e-002
5.000000000000002e-001	2.494809e-002
5.100000000000002e-001	2.495098e-002
5.200000000000002e-001	2.495388e-002
5.300000000000003e-001	2.495676e-002
5.400000000000003e-001	2.495965e-002
5.500000000000003e-001	2.496254e-002
5.600000000000003e-001	2.496543e-002
5.700000000000003e-001	2.496831e-002
5.800000000000003e-001	2.497120e-002
5.900000000000003e-001	2.497408e-002
6.000000000000003e-001	2.497697e-002
6.100000000000003e-001	2.497985e-002
6.200000000000003e-001	2.498274e-002
6.300000000000003e-001	2.498562e-002
6.400000000000004e-001	2.498850e-002
6.500000000000004e-001	2.499139e-002
6.600000000000004e-001	2.499427e-002
6.700000000000004e-001	2.499716e-002
6.800000000000004e-001	2.500004e-002
6.900000000000004e-001	2.500293e-002
7.000000000000004e-001	2.500581e-002
7.100000000000004e-001	2.500870e-002
7.200000000000004e-001	2.501158e-002
7.300000000000004e-001	2.501446e-002
7.400000000000004e-001	2.501735e-002
7.500000000000004e-001	2.502023e-002
7.600000000000005e-001	2.502312e-002
7.700000000000005e-001	2.502600e-002
7.800000000000005e-001	2.502889e-002
7.900000000000005e-001	2.503177e-002
8.000000000000005e-001	2.503465e-002
8.100000000000005e-001	2.503754e-002
8.200000000000005e-001	2.504042e-002
8.300000000000005e-001	2.504331e-002
8.400000000000005e-001	2.504619e-002
8.500000000000005e-001	2.504908e-002
8.600000000000005e-001	2.505196e-002
8.700000000000006e-001	2.505485e-002
8.800000000000006e-001	2.505773e-002
8.900000000000006e-001	2.506061e-002
9.000000000000006e-001	2.506350e-002
9.100000000000006e-001	2.506638e-002
9.200000000000006e-001	2.506927e-002
9.300000000000006e-001	2.507215e-002
9.400000000000006e-001	2.507504e-002
9.500000000000006e-001	2.507792e-002
9.600000000000006e-001	2.508081e-002
9.700000000000006e-001	2.508369e-002
9.800000000000007e-001	2.508657e-002
9.900000000000007e-001	2.508946e-002
1.000000000000001e+000	2.509234e-002
1.010000000000001e+000	2.509523e-002
1.020000000000001e+000	2.509811e-002
1.030000000000001e+000	2.510100e-002
1.040000000000001e+000	2.510388e-002
1.050000000000001e+000	2.510677e-002
1.060000000000001e+000	2.510965e-002
1.070000000000001e+000	2.511253e-002
1.080000000000001e+000	2.511542e-002
1.090000000000001e+000	2.511830e-002
1.100000000000001e+000	2.512119e-002
1.110000000000001e+000	2.512407e-002
1.120000000000001e+000	2.512696e-002
1.130000000000001e+000	2.512984e-002
1.140000000000001e+000	2.513273e-002
1.150000000000001e+000	2.513561e-002
1.160000000000001e+000	2.513849e-002
1.170000000000001e+000	2.514138e-002
1.180000000000001e+000	2.514426e-002
1.190000000000001e+000	2.514715e-002
1.200000000000001e+000	2.515003e-002
1.210000000000001e+000	2.515292e-002
1.220000000000001e+000	2.515580e-002
1.230000000000001e+000	2.515868e-002
1.240000000000001e+000	2.516157e-002
1.250000000000001e+000	2.516445e-002
1.260000000000001e+000	2.516734e-002
1.270000000000001e+000	2.517022e-002
1.280000000000001e+000	2.517311e-002
1.290000000000001e+000	2.517599e-002
1.300000000000001e+000	2.517888e-002
1.310000000000001e+000	2.518176e-002
1.320000000000001e+000	2.518464e-002
1.330000000000001e+000	2.518753e-002
1.340000000000001e+000	2.519041e-002
1.350000000000001e+000	2.519330e-002
1.360000000000001e+000	2.519618e-002
1.370000000000001e+000	2.519907e-002
1.380000000000001e+000	2.520195e-002
1.390000000000001e+000	2.520484e-002
1.400000000000001e+000	2.520772e-002
1.410000000000001e+000	2.521060e-002
1.420000000000001e+000	2.521349e-002
1.430000000000001e+000	2.521637e-002
1.440000000000001e+000	2.521926e-002
1.450000000000001e+000	2.522214e-002
1.460000000000001e+000	2.522503e-002
1.470000000000001e+000	2.522791e-002
1.480000000000001e+000	2.523080e-002
1.490000000000001e+000	2.523368e-002
1.500000000000001e+000	2.523656e-002
1.510000000000001e+000	2.523945e-002
1.520000000000001e+000	2.524233e-002
1.530000000000001e+000	2.524522e-002
1.540000000000001e+000	2.524810e-002
1.550000000000001e+000	2.525099e-002
1.560000000000001e+000	2.525387e-002
1.570000000000001e+000	2.525675e-002
1.580000000000001e+000	2.525964e-002
1.590000000000001e+000	2.526253e-002
1.600000000000001e+000	2.526541e-002
1.610000000000001e+000	2.526829e-002
1.620000000000001e+000	2.527118e-002
1.630000000000001e+000	2.527406e-002
1.640000000000001e+000	2.527695e-002
1.650000000000001e+000	2.527983e-002
1.660000000000001e+000	2.528271e-002
1.670000000000001e+000	2.528560e-002
1.680000000000001e+000	2.528848e-002
1.690000000000001e+000	2.529137e-002
1.700000000000001e+000	2.529425e-002
1.710000000000001e+000	2.529714e-002
1.720000000000001e+000	2.530002e-002
1.730000000000001e+000	2.530291e-002
1.740000000000001e+000	2.530579e-002
1.750000000000001e+000	2.530867e-002
1.760000000000001e+000	2.531156e-002
1.770000000000001e+000	2.531444e-002
1.780000000000001e+000	2.531733e-002
1.790000000000001e+000	2.532021e-002
1.800000000000001e+000	2.532310e-002
1.810000000000001e+000	2.532598e-002
1.820000000000001e+000	2.532887e-002
1.830000000000001e+000	2.533175e-002
1.840000000000001e+000	2.533464e-002
1.850000000000001e+000	2.533752e-002
1.860000000000001e+000	2.534040e-002
1.870000000000001e+000	2.534329e-002
1.880000000000001e+000	2.534617e-002
1.890000000000002e+000	2.534906e-002
1.900000000000002e+000	2.535194e-002
1.910000000000002e+000	2.535482e-002
1.920000000000002e+000	2.535771e-002
1.930000000000002e+000	2.536060e-002
1.940000000000002e+000	2.536348e-002
1.950000000000002e+000	2.536636e-002
1.960000000000002e+000	2.536925e-002
1.970000000000002e+000	2.537213e-002
1.980000000000002e+000	2.537502e-002
1.990000000000002e+000	2.537790e-002
2.000000000000001e+000	2.538078e-002
2.010000000000001e+000	2.538367e-002
2.020000000000001e+000	2.538656e-002
2.030000000000001e+000	2.538944e-002
2.040000000000001e+000	2.539232e-002
2.050000000000000e+000	2.539521e-002
2.060000000000000e+000	2.539809e-002
2.070000000000000e+000	2.540098e-002
2.080000000000000e+000	2.540386e-002
2.089999999999999e+000	2.540675e-002
2.099999999999999e+000	2.540963e-002
2.109999999999999e+000	2.541251e-002
2.119999999999999e+000	2.541540e-002
2.129999999999999e+000	2.541828e-002
2.139999999999998e+000	2.542117e-002
2.149999999999998e+000	2.542405e-002
2.159999999999998e+000	2.542694e-002
2.169999999999998e+000	2.542982e-002
2.179999999999998e+000	2.543271e-002
2.189999999999997e+000	2.543559e-002
2.199999999999997e+000	2.543847e-002
2.209999999999997e+000	2.544136e-002
2.219999999999997e+000	2.544424e-002
2.229999999999996e+000	2.544713e-002
2.239999999999996e+000	2.545001e-002
2.249999999999996e+000	2.545290e-002
2.259999999999996e+000	2.545578e-002
2.269999999999996e+000	2.545867e-002
2.279999999999995e+000	2.546155e-002
2.289999999999995e+000	2.546443e-002
2.299999999999995e+000	2.546732e-002
2.309999999999995e+000	2.547020e-002
2.319999999999995e+000	2.547309e-002
2.329999999999994e+000	2.547597e-002
2.339999999999994e+000	2.547886e-002
2.349999999999994e+000	2.548174e-002
2.359999999999994e+000	2.548463e-002
2.369999999999993e+000	2.548751e-002
2.379999999999993e+000	2.549039e-002
2.389999999999993e+000	2.549328e-002
2.399999999999993e+000	2.549616e-002
2.409999999999993e+000	2.549905e-002
2.419999999999992e+000	2.550193e-002
2.429999999999992e+000	2.550482e-002
2.439999999999992e+000	2.550770e-002
2.449999999999992e+000	2.551058e-002
2.459999999999992e+000	2.551347e-002
2.469999999999991e+000	2.551635e-002
2.479999999999991e+000	2.551924e-002
2.489999999999991e+000	2.552212e-002
2.499999999999991e+000	2.552501e-002
2.509999999999991e+000	2.552789e-002
2.519999999999990e+000	2.553078e-002
2.529999999999990e+000	2.553366e-002
2.539999999999990e+000	2.553654e-002
2.549999999999990e+000	2.553943e-002
2.559999999999989e+000	2.554231e-002
2.569999999999989e+000	2.554520e-002
2.579999999999989e+000	2.554808e-002
2.589999999999989e+000	2.555097e-002
2.599999999999989e+000	2.555385e-002
2.609999999999988e+000	2.555674e-002
2.619999999999988e+000	2.555962e-002
2.629999999999988e+000	2.556250e-002
2.639999999999988e+000	2.556539e-002
2.649999999999988e+000	2.556827e-002
2.659999999999987e+000	2.557116e-002
2.669999999999987e+000	2.557404e-002
2.679999999999987e+000	2.557693e-002
2.689999999999987e+000	2.557981e-002
2.699999999999986e+000	2.558270e-002
2.709999999999986e+000	2.558558e-002
2.719999999999986e+000	2.558846e-002
2.729999999999986e+000	2.559135e-002
2.739999999999986e+000	2.559423e-002
2.749999999999985e+000	2.559712e-002
2.759999999999985e+000	2.560000e-002
2.769999999999985e+000	2.560289e-002
2.779999999999985e+000	2.560577e-002
2.789999999999985e+000	2.560866e-002
2.799999999999984e+000	2.561154e-002
2.809999999999984e+000	2.561442e-002
2.819999999999984e+000	2.561731e-002
2.829999999999984e+000	2.562019e-002
2.839999999999983e+000	2.562308e-002
2.849999999999983e+000	2.562596e-002
2.859999999999983e+000	2.562885e-002
2.869999999999983e+000	2.563173e-002
2.879999999999983e+000	2.563461e-002
2.889999999999982e+000	2.563750e-002
2.899999999999982e+000	2.564038e-002
2.909999999999982e+000	2.564327e-002
2.919999999999982e+000	2.564615e-002
2.929999999999982e+000	2.564904e-002
2.939999999999981e+000	2.565192e-002
2.949999999999981e+000	2.565481e-002
2.959999999999981e+000	2.565769e-002
2.969999999999981e+000	2.566057e-002
2.979999999999980e+000	2.566346e-002
2.989999999999980e+000	2.566634e-002
2.999999999999980e+000	2.566923e-002
3.009999999999980e+000	2.567211e-002
3.019999999999980e+000	2.567500e-002
3.029999999999979e+000	2.567788e-002
3.039999999999979e+000	2.568077e-002
3.049999999999979e+000	2.568365e-002
3.059999999999979e+000	2.568653e-002
3.069999999999979e+000	2.568942e-002
3.079999999999978e+000	2.569230e-002
3.089999999999978e+000	2.569519e-002
3.099999999999978e+000	2.569807e-002
3.109999999999978e+000	2.570096e-002
3.119999999999978e+000	2.570384e-002
3.129999999999977e+000	2.570673e-002
3.139999999999977e+000	2.570961e-002
3.149999999999977e+000	2.571249e-002
3.159999999999977e+000	2.571538e-002
3.169999999999976e+000	2.571826e-002
3.179999999999976e+000	2.572115e-002
3.189999999999976e+000	2.572403e-002
3.199999999999976e+000	2.572692e-002
3.209999999999976e+000	2.572980e-002
3.219999999999975e+000	2.573268e-002
3.229999999999975e+000	2.573557e-002
3.239999999999975e+000	2.573845e-002
3.249999999999975e+000	2.574134e-002
3.259999999999975e+000	2.574422e-002
3.269999999999974e+000	2.574711e-002
3.279999999999974e+000	2.574999e-002
3.289999999999974e+000	2.575288e-002
3.299999999999974e+000	2.575576e-002
3.309999999999973e+000	2.575864e-002
3.319999999999973e+000	2.576153e-002
3.329999999999973e+000	2.576441e-002
3.339999999999973e+000	2.576730e-002
3.349999999999973e+000	2.577018e-002
3.359999999999972e+000	2.577307e-002
3.369999999999972e+000	2.577595e-002
3.379999999999972e+000	2.577884e-002
3.389999999999972e+000	2.578172e-002
3.399999999999972e+000	2.578460e-002
3.409999999999971e+000	2.578749e-002
3.419999999999971e+000	2.579037e-002
3.429999999999971e+000	2.579326e-002
3.439999999999971e+000	2.579614e-002
3.449999999999970e+000	2.579903e-002
3.459999999999970e+000	2.580191e-002
3.469999999999970e+000	2.580480e-002
3.479999999999970e+000	2.580768e-002
3.489999999999970e+000	2.581056e-002
3.499999999999969e+000	2.581345e-002
3.509999999999969e+000	2.581633e-002
3.519999999999969e+000	2.581922e-002
3.529999999999969e+000	2.582210e-002
3.539999999999969e+000	2.582499e-002
3.549999999999968e+000	2.582787e-002
3.559999999999968e+000	2.583076e-002
3.569999999999968e+000	2.583364e-002
3.579999999999968e+000	2.583652e-002
3.589999999999967e+000	2.583941e-002
3.599999999999967e+000	2.584229e-002
3.609999999999967e+000	2.584518e-002
3.619999999999967e+000	2.584806e-002
3.629999999999967e+000	2.585095e-002
3.639999999999966e+000	2.585383e-002
3.649999999999966e+000	2.585671e-002
3.659999999999966e+000	2.585960e-002
3.669999999999966e+000	2.586248e-002
3.679999999999966e+000	2.586537e-002
3.689999999999965e+000	2.586825e-002
3.699999999999965e+000	2.587114e-002
3.709999999999965e+000	2.587402e-002
3.719999999999965e+000	2.587691e-002
3.729999999999965e+000	2.587979e-002
3.739999999999964e+000	2.588267e-002
3.749999999999964e+000	2.588556e-002
3.759999999999964e+000	2.588844e-002
3.769999999999964e+000	2.589133e-002
3.779999999999963e+000	2.589421e-002
3.789999999999963e+000	2.589710e-002
3.799999999999963e+000	2.589998e-002
3.809999999999963e+000	2.590287e-002
3.819999999999963e+000	2.590575e-002
3.829999999999962e+000	2.590863e-002
3.839999999999962e+000	2.591152e-002
3.849999999999962e+000	2.591440e-002
3.859999999999962e+000	2.591729e-002
3.869999999999962e+000	2.592017e-002
3.879999999999961e+000	2.592306e-002
3.889999999999961e+000	2.592594e-002
3.899999999999961e+000	2.592883e-002
3.909999999999961e+000	2.593171e-002
3.919999999999960e+000	2.593459e-002
3.929999999999960e+000	2.593748e-002
3.939999999999960e+000	2.594036e-002
3.949999999999960e+000	2.594325e-002
3.959999999999960e+000	2.594613e-002
3.969999999999959e+000	2.594902e-002
3.979999999999959e+000	2.595190e-002
3.989999999999959e+000	2.595478e-002
3.999999999999959e+000	2.595767e-002
4.009999999999959e+000	2.596055e-002
4.019999999999959e+000	2.596344e-002
4.029999999999959e+000	2.596632e-002
4.039999999999958e+000	2.596921e-002
4.049999999999958e+000	2.597209e-002
4.059999999999958e+000	2.597498e-002
4.069999999999958e+000	2.597786e-002
4.079999999999957e+000	2.598074e-002
4.089999999999957e+000	2.598363e-002
4.099999999999957e+000	2.598651e-002
4.109999999999957e+000	2.598940e-002
4.119999999999957e+000	2.599228e-002
4.129999999999956e+000	2.599517e-002
4.139999999999956e+000	2.599805e-002
4.149999999999956e+000	2.600094e-002
4.159999999999956e+000	2.600382e-002
4.169999999999956e+000	2.600670e-002
4.179999999999955e+000	2.600959e-002
4.189999999999955e+000	2.601247e-002
4.199999999999955e+000	2.601536e-002
4.209999999999955e+000	2.601824e-002
4.219999999999955e+000	2.602113e-002
4.229999999999954e+000	2.602401e-002
4.239999999999954e+000	2.602690e-002
4.249999999999954e+000	2.602978e-002
4.259999999999954e+000	2.603266e-002
4.269999999999953e+000	2.603555e-002
4.279999999999953e+000	2.603843e-002
4.289999999999953e+000	2.604132e-002
4.299999999999953e+000	2.604420e-002
4.309999999999953e+000	2.604709e-002
4.319999999999952e+000	2.604997e-002
4.329999999999952e+000	2.605285e-002
4.339999999999952e+000	2.605574e-002
4.349999999999952e+000	2.605862e-002
4.359999999999952e+000	2.606151e-002
4.369999999999951e+000	2.606439e-002
4.379999999999951e+000	2.606728e-002
4.389999999999951e+000	2.607016e-002
4.399999999999951e+000	2.607305e-002
4.409999999999950e+000	2.607593e-002
4.419999999999950e+000	2.607881e-002
4.429999999999950e+000	2.608170e-002
4.439999999999950e+000	2.608458e-002
4.449999999999950e+000	2.608747e-002
4.459999999999949e+000	2.609035e-002
4.469999999999949e+000	2.609324e-002
4.479999999999949e+000	2.609612e-002
4.489999999999949e+000	2.609901e-002
4.499999999999949e+000	2.610189e-002
4.509999999999948e+000	2.610477e-002
4.519999999999948e+000	2.610766e-002
4.529999999999948e+000	2.611054e-002
4.539999999999948e+000	2.611343e-002
4.549999999999947e+000	2.611631e-002
4.559999999999947e+000	2.611920e-002
4.569999999999947e+000	2.612208e-002
4.579999999999947e+000	2.612497e-002
4.589999999999947e+000	2.612785e-002
4.599999999999946e+000	2.613073e-002
4.609999999999946e+000	2.613362e-002
4.619999999999946e+000	2.613650e-002
4.629999999999946e+000	2.613939e-002
4.639999999999946e+000	2.614227e-002
4.649999999999945e+000	2.614516e-002
4.659999999999945e+000	2.614804e-002
4.669999999999945e+000	2.615093e-002
4.679999999999945e+000	2.615381e-002
4.689999999999944e+000	2.615669e-002
4.699999999999944e+000	2.615958e-002
4.709999999999944e+000	2.616246e-002
4.719999999999944e+000	2.616535e-002
4.729999999999944e+000	2.616823e-002
4.739999999999943e+000	2.617112e-002
4.749999999999943e+000	2.617400e-002
4.759999999999943e+000	2.617688e-002
4.769999999999943e+000	2.617977e-002
4.779999999999943e+000	2.618265e-002
4.789999999999942e+000	2.618554e-002
4.799999999999942e+000	2.618842e-002
4.809999999999942e+000	2.619131e-002
4.819999999999942e+000	2.619419e-002
4.829999999999942e+000	2.619708e-002
4.839999999999941e+000	2.619996e-002
4.849999999999941e+000	2.620284e-002
4.859999999999941e+000	2.620573e-002
4.869999999999941e+000	2.620861e-002
4.879999999999940e+000	2.621150e-002
4.889999999999940e+000	2.621438e-002
4.899999999999940e+000	2.621727e-002
4.909999999999940e+000	2.622015e-002
4.919999999999940e+000	2.622304e-002
4.929999999999939e+000	2.622592e-002
4.939999999999939e+000	2.622880e-002
4.949999999999939e+000	2.623169e-002
4.959999999999939e+000	2.623457e-002
4.969999999999939e+000	2.623746e-002
4.979999999999938e+000	2.624034e-002
4.989999999999938e+000	2.624323e-002
5.000000000000000e+000	2.624611e-002
