v2	Ic(Q1)
0.000000000000000e+000	7.210599e-004
1.000000000000000e-002	9.267872e-004
2.000000000000000e-002	1.153163e-003
3.000000000000000e-002	1.389609e-003
4.000000000000000e-002	1.624254e-003
5.000000000000000e-002	1.846043e-003
6.000000000000001e-002	2.046434e-003
7.000000000000001e-002	2.220276e-003
8.000000000000000e-002	2.365799e-003
9.000000000000000e-002	2.483964e-003
9.999999999999999e-002	2.577527e-003
1.100000000000000e-001	2.650122e-003
1.200000000000000e-001	2.705559e-003
1.300000000000000e-001	2.747385e-003
1.400000000000000e-001	2.778664e-003
1.500000000000000e-001	2.801909e-003
1.600000000000000e-001	2.819116e-003
1.700000000000000e-001	2.831828e-003
1.800000000000000e-001	2.841214e-003
1.900000000000000e-001	2.848155e-003
2.000000000000000e-001	2.853304e-003
2.100000000000001e-001	2.857143e-003
2.200000000000001e-001	2.860026e-003
2.300000000000001e-001	2.862213e-003
2.400000000000001e-001	2.863892e-003
2.500000000000001e-001	2.865202e-003
2.600000000000001e-001	2.866244e-003
2.700000000000001e-001	2.867091e-003
2.800000000000001e-001	2.867795e-003
2.900000000000001e-001	2.868396e-003
3.000000000000001e-001	2.868922e-003
3.100000000000001e-001	2.869393e-003
3.200000000000001e-001	2.869825e-003
3.300000000000001e-001	2.870227e-003
3.400000000000001e-001	2.870608e-003
3.500000000000001e-001	2.870973e-003
3.600000000000002e-001	2.871328e-003
3.700000000000002e-001	2.871673e-003
3.800000000000002e-001	2.872013e-003
3.900000000000002e-001	2.872349e-003
4.000000000000002e-001	2.872681e-003
4.100000000000002e-001	2.873011e-003
4.200000000000002e-001	2.873339e-003
4.300000000000002e-001	2.873665e-003
4.400000000000002e-001	2.873991e-003
4.500000000000002e-001	2.874316e-003
4.600000000000002e-001	2.874641e-003
4.700000000000003e-001	2.874965e-003
4.800000000000003e-001	2.875288e-003
4.900000000000003e-001	2.875612e-003
5.000000000000002e-001	2.875935e-003
5.100000000000002e-001	2.876258e-003
5.200000000000002e-001	2.876582e-003
5.300000000000003e-001	2.876905e-003
5.400000000000003e-001	2.877228e-003
5.500000000000003e-001	2.877551e-003
5.600000000000003e-001	2.877874e-003
5.700000000000003e-001	2.878197e-003
5.800000000000003e-001	2.878520e-003
5.900000000000003e-001	2.878843e-003
6.000000000000003e-001	2.879165e-003
6.100000000000003e-001	2.879488e-003
6.200000000000003e-001	2.879811e-003
6.300000000000003e-001	2.880134e-003
6.400000000000004e-001	2.880457e-003
6.500000000000004e-001	2.880780e-003
6.600000000000004e-001	2.881103e-003
6.700000000000004e-001	2.881425e-003
6.800000000000004e-001	2.881748e-003
6.900000000000004e-001	2.882071e-003
7.000000000000004e-001	2.882394e-003
7.100000000000004e-001	2.882717e-003
7.200000000000004e-001	2.883040e-003
7.300000000000004e-001	2.883363e-003
7.400000000000004e-001	2.883686e-003
7.500000000000004e-001	2.884008e-003
7.600000000000005e-001	2.884331e-003
7.700000000000005e-001	2.884654e-003
7.800000000000005e-001	2.884977e-003
7.900000000000005e-001	2.885300e-003
8.000000000000005e-001	2.885623e-003
8.100000000000005e-001	2.885945e-003
8.200000000000005e-001	2.886268e-003
8.300000000000005e-001	2.886591e-003
8.400000000000005e-001	2.886914e-003
8.500000000000005e-001	2.887237e-003
8.600000000000005e-001	2.887560e-003
8.700000000000006e-001	2.887883e-003
8.800000000000006e-001	2.888205e-003
8.900000000000006e-001	2.888528e-003
9.000000000000006e-001	2.888851e-003
9.100000000000006e-001	2.889174e-003
9.200000000000006e-001	2.889497e-003
9.300000000000006e-001	2.889820e-003
9.400000000000006e-001	2.890142e-003
9.500000000000006e-001	2.890465e-003
9.600000000000006e-001	2.890788e-003
9.700000000000006e-001	2.891111e-003
9.800000000000007e-001	2.891434e-003
9.900000000000007e-001	2.891757e-003
1.000000000000001e+000	2.892080e-003
1.010000000000001e+000	2.892402e-003
1.020000000000001e+000	2.892725e-003
1.030000000000001e+000	2.893048e-003
1.040000000000001e+000	2.893371e-003
1.050000000000001e+000	2.893694e-003
1.060000000000001e+000	2.894017e-003
1.070000000000001e+000	2.894339e-003
1.080000000000001e+000	2.894662e-003
1.090000000000001e+000	2.894985e-003
1.100000000000001e+000	2.895308e-003
1.110000000000001e+000	2.895631e-003
1.120000000000001e+000	2.895954e-003
1.130000000000001e+000	2.896277e-003
1.140000000000001e+000	2.896599e-003
1.150000000000001e+000	2.896922e-003
1.160000000000001e+000	2.897245e-003
1.170000000000001e+000	2.897568e-003
1.180000000000001e+000	2.897891e-003
1.190000000000001e+000	2.898214e-003
1.200000000000001e+000	2.898536e-003
1.210000000000001e+000	2.898859e-003
1.220000000000001e+000	2.899182e-003
1.230000000000001e+000	2.899505e-003
1.240000000000001e+000	2.899828e-003
1.250000000000001e+000	2.900151e-003
1.260000000000001e+000	2.900474e-003
1.270000000000001e+000	2.900796e-003
1.280000000000001e+000	2.901119e-003
1.290000000000001e+000	2.901442e-003
1.300000000000001e+000	2.901765e-003
1.310000000000001e+000	2.902088e-003
1.320000000000001e+000	2.902411e-003
1.330000000000001e+000	2.902733e-003
1.340000000000001e+000	2.903056e-003
1.350000000000001e+000	2.903379e-003
1.360000000000001e+000	2.903702e-003
1.370000000000001e+000	2.904025e-003
1.380000000000001e+000	2.904348e-003
1.390000000000001e+000	2.904671e-003
1.400000000000001e+000	2.904993e-003
1.410000000000001e+000	2.905316e-003
1.420000000000001e+000	2.905639e-003
1.430000000000001e+000	2.905962e-003
1.440000000000001e+000	2.906285e-003
1.450000000000001e+000	2.906608e-003
1.460000000000001e+000	2.906930e-003
1.470000000000001e+000	2.907253e-003
1.480000000000001e+000	2.907576e-003
1.490000000000001e+000	2.907899e-003
1.500000000000001e+000	2.908222e-003
1.510000000000001e+000	2.908545e-003
1.520000000000001e+000	2.908868e-003
1.530000000000001e+000	2.909190e-003
1.540000000000001e+000	2.909513e-003
1.550000000000001e+000	2.909836e-003
1.560000000000001e+000	2.910159e-003
1.570000000000001e+000	2.910482e-003
1.580000000000001e+000	2.910805e-003
1.590000000000001e+000	2.911127e-003
1.600000000000001e+000	2.911450e-003
1.610000000000001e+000	2.911773e-003
1.620000000000001e+000	2.912096e-003
1.630000000000001e+000	2.912419e-003
1.640000000000001e+000	2.912742e-003
1.650000000000001e+000	2.913065e-003
1.660000000000001e+000	2.913387e-003
1.670000000000001e+000	2.913710e-003
1.680000000000001e+000	2.914033e-003
1.690000000000001e+000	2.914356e-003
1.700000000000001e+000	2.914679e-003
1.710000000000001e+000	2.915002e-003
1.720000000000001e+000	2.915324e-003
1.730000000000001e+000	2.915647e-003
1.740000000000001e+000	2.915970e-003
1.750000000000001e+000	2.916293e-003
1.760000000000001e+000	2.916616e-003
1.770000000000001e+000	2.916939e-003
1.780000000000001e+000	2.917262e-003
1.790000000000001e+000	2.917584e-003
1.800000000000001e+000	2.917907e-003
1.810000000000001e+000	2.918230e-003
1.820000000000001e+000	2.918553e-003
1.830000000000001e+000	2.918876e-003
1.840000000000001e+000	2.919199e-003
1.850000000000001e+000	2.919521e-003
1.860000000000001e+000	2.919844e-003
1.870000000000001e+000	2.920167e-003
1.880000000000001e+000	2.920490e-003
1.890000000000002e+000	2.920813e-003
1.900000000000002e+000	2.921136e-003
1.910000000000002e+000	2.921459e-003
1.920000000000002e+000	2.921782e-003
1.930000000000002e+000	2.922104e-003
1.940000000000002e+000	2.922427e-003
1.950000000000002e+000	2.922750e-003
1.960000000000002e+000	2.923073e-003
1.970000000000002e+000	2.923396e-003
1.980000000000002e+000	2.923718e-003
1.990000000000002e+000	2.924041e-003
2.000000000000001e+000	2.924364e-003
2.010000000000001e+000	2.924687e-003
2.020000000000001e+000	2.925010e-003
2.030000000000001e+000	2.925333e-003
2.040000000000001e+000	2.925656e-003
2.050000000000000e+000	2.925979e-003
2.060000000000000e+000	2.926301e-003
2.070000000000000e+000	2.926624e-003
2.080000000000000e+000	2.926947e-003
2.089999999999999e+000	2.927270e-003
2.099999999999999e+000	2.927593e-003
2.109999999999999e+000	2.927915e-003
2.119999999999999e+000	2.928238e-003
2.129999999999999e+000	2.928561e-003
2.139999999999998e+000	2.928884e-003
2.149999999999998e+000	2.929207e-003
2.159999999999998e+000	2.929530e-003
2.169999999999998e+000	2.929853e-003
2.179999999999998e+000	2.930176e-003
2.189999999999997e+000	2.930498e-003
2.199999999999997e+000	2.930821e-003
2.209999999999997e+000	2.931144e-003
2.219999999999997e+000	2.931467e-003
2.229999999999996e+000	2.931790e-003
2.239999999999996e+000	2.932112e-003
2.249999999999996e+000	2.932435e-003
2.259999999999996e+000	2.932758e-003
2.269999999999996e+000	2.933081e-003
2.279999999999995e+000	2.933404e-003
2.289999999999995e+000	2.933727e-003
2.299999999999995e+000	2.934050e-003
2.309999999999995e+000	2.934373e-003
2.319999999999995e+000	2.934695e-003
2.329999999999994e+000	2.935018e-003
2.339999999999994e+000	2.935341e-003
2.349999999999994e+000	2.935664e-003
2.359999999999994e+000	2.935987e-003
2.369999999999993e+000	2.936309e-003
2.379999999999993e+000	2.936632e-003
2.389999999999993e+000	2.936955e-003
2.399999999999993e+000	2.937278e-003
2.409999999999993e+000	2.937601e-003
2.419999999999992e+000	2.937924e-003
2.429999999999992e+000	2.938247e-003
2.439999999999992e+000	2.938570e-003
2.449999999999992e+000	2.938892e-003
2.459999999999992e+000	2.939215e-003
2.469999999999991e+000	2.939538e-003
2.479999999999991e+000	2.939861e-003
2.489999999999991e+000	2.940184e-003
2.499999999999991e+000	2.940506e-003
2.509999999999991e+000	2.940829e-003
2.519999999999990e+000	2.941152e-003
2.529999999999990e+000	2.941475e-003
2.539999999999990e+000	2.941798e-003
2.549999999999990e+000	2.942121e-003
2.559999999999989e+000	2.942444e-003
2.569999999999989e+000	2.942767e-003
2.579999999999989e+000	2.943089e-003
2.589999999999989e+000	2.943412e-003
2.599999999999989e+000	2.943735e-003
2.609999999999988e+000	2.944058e-003
2.619999999999988e+000	2.944381e-003
2.629999999999988e+000	2.944703e-003
2.639999999999988e+000	2.945026e-003
2.649999999999988e+000	2.945349e-003
2.659999999999987e+000	2.945672e-003
2.669999999999987e+000	2.945995e-003
2.679999999999987e+000	2.946318e-003
2.689999999999987e+000	2.946641e-003
2.699999999999986e+000	2.946964e-003
2.709999999999986e+000	2.947286e-003
2.719999999999986e+000	2.947609e-003
2.729999999999986e+000	2.947932e-003
2.739999999999986e+000	2.948255e-003
2.749999999999985e+000	2.948578e-003
2.759999999999985e+000	2.948900e-003
2.769999999999985e+000	2.949223e-003
2.779999999999985e+000	2.949546e-003
2.789999999999985e+000	2.949869e-003
2.799999999999984e+000	2.950192e-003
2.809999999999984e+000	2.950515e-003
2.819999999999984e+000	2.950838e-003
2.829999999999984e+000	2.951161e-003
2.839999999999983e+000	2.951483e-003
2.849999999999983e+000	2.951806e-003
2.859999999999983e+000	2.952129e-003
2.869999999999983e+000	2.952452e-003
2.879999999999983e+000	2.952775e-003
2.889999999999982e+000	2.953097e-003
2.899999999999982e+000	2.953420e-003
2.909999999999982e+000	2.953743e-003
2.919999999999982e+000	2.954066e-003
2.929999999999982e+000	2.954389e-003
2.939999999999981e+000	2.954712e-003
2.949999999999981e+000	2.955035e-003
2.959999999999981e+000	2.955358e-003
2.969999999999981e+000	2.955680e-003
2.979999999999980e+000	2.956003e-003
2.989999999999980e+000	2.956326e-003
2.999999999999980e+000	2.956649e-003
3.009999999999980e+000	2.956972e-003
3.019999999999980e+000	2.957294e-003
3.029999999999979e+000	2.957617e-003
3.039999999999979e+000	2.957940e-003
3.049999999999979e+000	2.958263e-003
3.059999999999979e+000	2.958586e-003
3.069999999999979e+000	2.958909e-003
3.079999999999978e+000	2.959232e-003
3.089999999999978e+000	2.959555e-003
3.099999999999978e+000	2.959877e-003
3.109999999999978e+000	2.960200e-003
3.119999999999978e+000	2.960523e-003
3.129999999999977e+000	2.960846e-003
3.139999999999977e+000	2.961169e-003
3.149999999999977e+000	2.961491e-003
3.159999999999977e+000	2.961814e-003
3.169999999999976e+000	2.962137e-003
3.179999999999976e+000	2.962460e-003
3.189999999999976e+000	2.962783e-003
3.199999999999976e+000	2.963106e-003
3.209999999999976e+000	2.963429e-003
3.219999999999975e+000	2.963752e-003
3.229999999999975e+000	2.964074e-003
3.239999999999975e+000	2.964397e-003
3.249999999999975e+000	2.964720e-003
3.259999999999975e+000	2.965043e-003
3.269999999999974e+000	2.965366e-003
3.279999999999974e+000	2.965688e-003
3.289999999999974e+000	2.966011e-003
3.299999999999974e+000	2.966334e-003
3.309999999999973e+000	2.966657e-003
3.319999999999973e+000	2.966980e-003
3.329999999999973e+000	2.967303e-003
3.339999999999973e+000	2.967626e-003
3.349999999999973e+000	2.967949e-003
3.359999999999972e+000	2.968271e-003
3.369999999999972e+000	2.968594e-003
3.379999999999972e+000	2.968917e-003
3.389999999999972e+000	2.969240e-003
3.399999999999972e+000	2.969563e-003
3.409999999999971e+000	2.969885e-003
3.419999999999971e+000	2.970208e-003
3.429999999999971e+000	2.970531e-003
3.439999999999971e+000	2.970854e-003
3.449999999999970e+000	2.971177e-003
3.459999999999970e+000	2.971500e-003
3.469999999999970e+000	2.971823e-003
3.479999999999970e+000	2.972146e-003
3.489999999999970e+000	2.972468e-003
3.499999999999969e+000	2.972791e-003
3.509999999999969e+000	2.973114e-003
3.519999999999969e+000	2.973437e-003
3.529999999999969e+000	2.973760e-003
3.539999999999969e+000	2.974082e-003
3.549999999999968e+000	2.974405e-003
3.559999999999968e+000	2.974728e-003
3.569999999999968e+000	2.975051e-003
3.579999999999968e+000	2.975374e-003
3.589999999999967e+000	2.975697e-003
3.599999999999967e+000	2.976020e-003
3.609999999999967e+000	2.976343e-003
3.619999999999967e+000	2.976665e-003
3.629999999999967e+000	2.976988e-003
3.639999999999966e+000	2.977311e-003
3.649999999999966e+000	2.977634e-003
3.659999999999966e+000	2.977957e-003
3.669999999999966e+000	2.978279e-003
3.679999999999966e+000	2.978602e-003
3.689999999999965e+000	2.978925e-003
3.699999999999965e+000	2.979248e-003
3.709999999999965e+000	2.979571e-003
3.719999999999965e+000	2.979894e-003
3.729999999999965e+000	2.980217e-003
3.739999999999964e+000	2.980540e-003
3.749999999999964e+000	2.980862e-003
3.759999999999964e+000	2.981185e-003
3.769999999999964e+000	2.981508e-003
3.779999999999963e+000	2.981831e-003
3.789999999999963e+000	2.982154e-003
3.799999999999963e+000	2.982476e-003
3.809999999999963e+000	2.982799e-003
3.819999999999963e+000	2.983122e-003
3.829999999999962e+000	2.983445e-003
3.839999999999962e+000	2.983768e-003
3.849999999999962e+000	2.984091e-003
3.859999999999962e+000	2.984414e-003
3.869999999999962e+000	2.984737e-003
3.879999999999961e+000	2.985059e-003
3.889999999999961e+000	2.985382e-003
3.899999999999961e+000	2.985705e-003
3.909999999999961e+000	2.986028e-003
3.919999999999960e+000	2.986351e-003
3.929999999999960e+000	2.986673e-003
3.939999999999960e+000	2.986996e-003
3.949999999999960e+000	2.987319e-003
3.959999999999960e+000	2.987642e-003
3.969999999999959e+000	2.987965e-003
3.979999999999959e+000	2.988288e-003
3.989999999999959e+000	2.988611e-003
3.999999999999959e+000	2.988934e-003
4.009999999999959e+000	2.989256e-003
4.019999999999959e+000	2.989579e-003
4.029999999999959e+000	2.989902e-003
4.039999999999958e+000	2.990225e-003
4.049999999999958e+000	2.990548e-003
4.059999999999958e+000	2.990871e-003
4.069999999999958e+000	2.991193e-003
4.079999999999957e+000	2.991516e-003
4.089999999999957e+000	2.991839e-003
4.099999999999957e+000	2.992162e-003
4.109999999999957e+000	2.992485e-003
4.119999999999957e+000	2.992808e-003
4.129999999999956e+000	2.993131e-003
4.139999999999956e+000	2.993453e-003
4.149999999999956e+000	2.993776e-003
4.159999999999956e+000	2.994099e-003
4.169999999999956e+000	2.994422e-003
4.179999999999955e+000	2.994745e-003
4.189999999999955e+000	2.995068e-003
4.199999999999955e+000	2.995390e-003
4.209999999999955e+000	2.995713e-003
4.219999999999955e+000	2.996036e-003
4.229999999999954e+000	2.996359e-003
4.239999999999954e+000	2.996682e-003
4.249999999999954e+000	2.997005e-003
4.259999999999954e+000	2.997328e-003
4.269999999999953e+000	2.997650e-003
4.279999999999953e+000	2.997973e-003
4.289999999999953e+000	2.998296e-003
4.299999999999953e+000	2.998619e-003
4.309999999999953e+000	2.998942e-003
4.319999999999952e+000	2.999265e-003
4.329999999999952e+000	2.999587e-003
4.339999999999952e+000	2.999910e-003
4.349999999999952e+000	3.000233e-003
4.359999999999952e+000	3.000556e-003
4.369999999999951e+000	3.000879e-003
4.379999999999951e+000	3.001202e-003
4.389999999999951e+000	3.001525e-003
4.399999999999951e+000	3.001847e-003
4.409999999999950e+000	3.002170e-003
4.419999999999950e+000	3.002493e-003
4.429999999999950e+000	3.002816e-003
4.439999999999950e+000	3.003139e-003
4.449999999999950e+000	3.003462e-003
4.459999999999949e+000	3.003784e-003
4.469999999999949e+000	3.004107e-003
4.479999999999949e+000	3.004430e-003
4.489999999999949e+000	3.004753e-003
4.499999999999949e+000	3.005076e-003
4.509999999999948e+000	3.005399e-003
4.519999999999948e+000	3.005722e-003
4.529999999999948e+000	3.006044e-003
4.539999999999948e+000	3.006367e-003
4.549999999999947e+000	3.006690e-003
4.559999999999947e+000	3.007013e-003
4.569999999999947e+000	3.007336e-003
4.579999999999947e+000	3.007659e-003
4.589999999999947e+000	3.007981e-003
4.599999999999946e+000	3.008304e-003
4.609999999999946e+000	3.008627e-003
4.619999999999946e+000	3.008950e-003
4.629999999999946e+000	3.009273e-003
4.639999999999946e+000	3.009596e-003
4.649999999999945e+000	3.009919e-003
4.659999999999945e+000	3.010241e-003
4.669999999999945e+000	3.010564e-003
4.679999999999945e+000	3.010887e-003
4.689999999999944e+000	3.011210e-003
4.699999999999944e+000	3.011533e-003
4.709999999999944e+000	3.011856e-003
4.719999999999944e+000	3.012178e-003
4.729999999999944e+000	3.012501e-003
4.739999999999943e+000	3.012824e-003
4.749999999999943e+000	3.013147e-003
4.759999999999943e+000	3.013470e-003
4.769999999999943e+000	3.013793e-003
4.779999999999943e+000	3.014116e-003
4.789999999999942e+000	3.014438e-003
4.799999999999942e+000	3.014761e-003
4.809999999999942e+000	3.015084e-003
4.819999999999942e+000	3.015407e-003
4.829999999999942e+000	3.015730e-003
4.839999999999941e+000	3.016053e-003
4.849999999999941e+000	3.016375e-003
4.859999999999941e+000	3.016698e-003
4.869999999999941e+000	3.017021e-003
4.879999999999940e+000	3.017344e-003
4.889999999999940e+000	3.017667e-003
4.899999999999940e+000	3.017990e-003
4.909999999999940e+000	3.018313e-003
4.919999999999940e+000	3.018635e-003
4.929999999999939e+000	3.018958e-003
4.939999999999939e+000	3.019281e-003
4.949999999999939e+000	3.019604e-003
4.959999999999939e+000	3.019927e-003
4.969999999999939e+000	3.020250e-003
4.979999999999938e+000	3.020572e-003
4.989999999999938e+000	3.020895e-003
5.000000000000000e+000	3.021218e-003
